0000000100000000
1110110000010000
0000000000000000
1110001100001000
0000000000101110
1110110000010000
0000000000000000
1111110111101000
1110110010100000
1110001100001000
0000000000000001
1111110000010000
0000000000000000
1111110111101000
1110110010100000
1110001100001000
0000000000000010
1111110000010000
0000000000000000
1111110111101000
1110110010100000
1110001100001000
0000000000000011
1111110000010000
0000000000000000
1111110111101000
1110110010100000
1110001100001000
0000000000000100
1111110000010000
0000000000000000
1111110111101000
1110110010100000
1110001100001000
0000000000000101
1110110000010000
0000000000000000
1111000111010000
0000000000000010
1110001100001000
0000000000000000
1111110000010000
0000000000000001
1110001100001000
0000000000010010
1110101010000111
0000000000101110
1110101010000111
0000000000000011
1110110000010000
0000000000000000
1111110111101000
1110110010100000
1110001100001000
0000000001100000
1110110000010000
0000000000000000
1111110111101000
1110110010100000
1110001100001000
0000000000000001
1111110000010000
0000000000000000
1111110111101000
1110110010100000
1110001100001000
0000000000000010
1111110000010000
0000000000000000
1111110111101000
1110110010100000
1110001100001000
0000000000000011
1111110000010000
0000000000000000
1111110111101000
1110110010100000
1110001100001000
0000000000000100
1111110000010000
0000000000000000
1111110111101000
1110110010100000
1110001100001000
0000000000000110
1110110000010000
0000000000000000
1111000111010000
0000000000000010
1110001100001000
0000000000000000
1111110000010000
0000000000000001
1110001100001000
0000000100001111
1110101010000111
0000000000000000
1111110010101000
1111110000010000
0000000000000011
1110001100001000
0000000000000000
1110110000010000
0000000000000010
1111000010100000
1111110000010000
0000000000000000
1111110111101000
1110110010100000
1110001100001000
0000000000000000
1110110000010000
0000000110000010
1111000010010000
0000000000001101
1110001100001000
0000000000000000
1111110010101000
1111110000010000
0000000000001101
1111110000100000
1110001100001000
0000000000000001
1110110000010000
0000000000000010
1111000010100000
1111110000010000
0000000000000000
1111110111101000
1110110010100000
1110001100001000
0000000000000001
1110110000010000
0000000110000010
1111000010010000
0000000000001101
1110001100001000
0000000000000000
1111110010101000
1111110000010000
0000000000001101
1111110000100000
1110001100001000
0000000000000010
1110110000010000
0000000000000010
1111000010100000
1111110000010000
0000000000000000
1111110111101000
1110110010100000
1110001100001000
0000000000000010
1110110000010000
0000000110000010
1111000010010000
0000000000001101
1110001100001000
0000000000000000
1111110010101000
1111110000010000
0000000000001101
1111110000100000
1110001100001000
0000000000000011
1111110000010000
0000000000000000
1111110111101000
1110110010100000
1110001100001000
0000000011010100
1110110000010000
0000000000000000
1111110111101000
1110110010100000
1110001100001000
0000000000000001
1111110000010000
0000000000000000
1111110111101000
1110110010100000
1110001100001000
0000000000000010
1111110000010000
0000000000000000
1111110111101000
1110110010100000
1110001100001000
0000000000000011
1111110000010000
0000000000000000
1111110111101000
1110110010100000
1110001100001000
0000000000000100
1111110000010000
0000000000000000
1111110111101000
1110110010100000
1110001100001000
0000000000000110
1110110000010000
0000000000000000
1111000111010000
0000000000000010
1110001100001000
0000000000000000
1111110000010000
0000000000000001
1110001100001000
0000000110000000
1110101010000111
0000000000000000
1111110010101000
1111110000010000
0000000000000101
1110001100001000
0000000000000011
1111110000010000
0000000000000000
1111110111101000
1110110010100000
1110001100001000
0000000000000001
1111110000010000
0000000000001110
1110001100001000
0000000000000101
1110110000010000
0000000000001110
1111000111100000
1111110000010000
0000000000001101
1110001100001000
0000000000000000
1111110010101000
1111110000010000
0000000000000010
1111110000100000
1110001100001000
0000000000000010
1111110111010000
0000000000000000
1110001100001000
0000000000001110
1111110010101000
1111110000010000
0000000000000100
1110001100001000
0000000000001110
1111110010101000
1111110000010000
0000000000000011
1110001100001000
0000000000001110
1111110010101000
1111110000010000
0000000000000010
1110001100001000
0000000000001110
1111110010101000
1111110000010000
0000000000000001
1110001100001000
0000000000001101
1111110000100000
1110101010000111
0000000000000000
1110110000010000
0000000000000010
1111000010100000
1111110000010000
0000000000000000
1111110111101000
1110110010100000
1110001100001000
0000000000000000
1111110010101000
1111110000010000
0000000000000011
1110001100001000
0000000000000011
1111110000010000
0000000000000000
1111110111101000
1110110010100000
1110001100001000
0000000101001001
1110110000010000
0000000000000000
1111110111101000
1110110010100000
1110001100001000
0000000000000001
1111110000010000
0000000000000000
1111110111101000
1110110010100000
1110001100001000
0000000000000010
1111110000010000
0000000000000000
1111110111101000
1110110010100000
1110001100001000
0000000000000011
1111110000010000
0000000000000000
1111110111101000
1110110010100000
1110001100001000
0000000000000100
1111110000010000
0000000000000000
1111110111101000
1110110010100000
1110001100001000
0000000000000110
1110110000010000
0000000000000000
1111000111010000
0000000000000010
1110001100001000
0000000000000000
1111110000010000
0000000000000001
1110001100001000
0000000100100011
1110101010000111
0000000000000000
1111110010101000
1111110000010000
0000000000000101
1110001100001000
0000000000000000
1110110000010000
0000000000000000
1111110111101000
1110110010100000
1110001100001000
0000000000000001
1111110000010000
0000000000001110
1110001100001000
0000000000000101
1110110000010000
0000000000001110
1111000111100000
1111110000010000
0000000000001101
1110001100001000
0000000000000000
1111110010101000
1111110000010000
0000000000000010
1111110000100000
1110001100001000
0000000000000010
1111110111010000
0000000000000000
1110001100001000
0000000000001110
1111110010101000
1111110000010000
0000000000000100
1110001100001000
0000000000001110
1111110010101000
1111110000010000
0000000000000011
1110001100001000
0000000000001110
1111110010101000
1111110000010000
0000000000000010
1110001100001000
0000000000001110
1111110010101000
1111110000010000
0000000000000001
1110001100001000
0000000000001101
1111110000100000
1110101010000111
0000000000000000
1110110000010000
0000000000000010
1111000010100000
1111110000010000
0000000000000000
1111110111101000
1110110010100000
1110001100001000
0000000000000000
1111110010101000
1111110000010000
0000000000000011
1110001100001000
0000000000000000
1110110000010000
0000000000000000
1111110111101000
1110110010100000
1110001100001000
0000000000000000
1111110010101000
1111110000010000
1110001101010000
0000000000000000
1111110111101000
1110110010100000
1110001100001000
0000000111000110
1110110000010000
0000000000000000
1111110111101000
1110110010100000
1110001100001000
0000000000000001
1111110000010000
0000000000000000
1111110111101000
1110110010100000
1110001100001000
0000000000000010
1111110000010000
0000000000000000
1111110111101000
1110110010100000
1110001100001000
0000000000000011
1111110000010000
0000000000000000
1111110111101000
1110110010100000
1110001100001000
0000000000000100
1111110000010000
0000000000000000
1111110111101000
1110110010100000
1110001100001000
0000000000000110
1110110000010000
0000000000000000
1111000111010000
0000000000000010
1110001100001000
0000000000000000
1111110000010000
0000000000000001
1110001100001000
0000000011111110
1110101010000111
0000000000000000
1111110010101000
1111110000010000
0000000000000101
1110001100001000
0000000000000000
1110110000010000
0000000000000011
1111000010100000
1111110000010000
0000000000000000
1111110111101000
1110110010100000
1110001100001000
0000000000000001
1110110000010000
0000000000000011
1111000010100000
1111110000010000
0000000000000000
1111110111101000
1110110010100000
1110001100001000
0000000000000000
1110110000010000
0000000000000011
1111000010100000
1111110000010000
0000000000000000
1111110111101000
1110110010100000
1110001100001000
0000000000000010
1110110000010000
0000000000000011
1111000010100000
1111110000010000
0000000000000000
1111110111101000
1110110010100000
1110001100001000
0000000000000000
1111110010101000
1111110000010000
0000000000000000
1111110010101000
1111110000100000
1110000010010000
0000000000000000
1111110111101000
1110110010100000
1110001100001000
0000000000000001
1110110000010000
0000000000000011
1111000010100000
1111110000010000
0000000000000000
1111110111101000
1110110010100000
1110001100001000
0000000000000010
1110110000010000
0000000000000011
1111000010100000
1111110000010000
0000000000000000
1111110111101000
1110110010100000
1110001100001000
0000000000000000
1111110010101000
1111110000010000
0000000000000000
1111110010101000
1111110000100000
1110000010010000
0000000000000000
1111110111101000
1110110010100000
1110001100001000
0000001001000001
1110110000010000
0000000000000000
1111110111101000
1110110010100000
1110001100001000
0000000000000001
1111110000010000
0000000000000000
1111110111101000
1110110010100000
1110001100001000
0000000000000010
1111110000010000
0000000000000000
1111110111101000
1110110010100000
1110001100001000
0000000000000011
1111110000010000
0000000000000000
1111110111101000
1110110010100000
1110001100001000
0000000000000100
1111110000010000
0000000000000000
1111110111101000
1110110010100000
1110001100001000
0000000000001001
1110110000010000
0000000000000000
1111000111010000
0000000000000010
1110001100001000
0000000000000000
1111110000010000
0000000000000001
1110001100001000
0000000100001001
1110101010000111
0000000000000000
1111110010101000
1111110000010000
0000000000000101
1110001100001000
0000000000000000
1110110000010000
0000000000000000
1111110111101000
1110110010100000
1110001100001000
0000000000000001
1111110000010000
0000000000001110
1110001100001000
0000000000000101
1110110000010000
0000000000001110
1111000111100000
1111110000010000
0000000000001101
1110001100001000
0000000000000000
1111110010101000
1111110000010000
0000000000000010
1111110000100000
1110001100001000
0000000000000010
1111110111010000
0000000000000000
1110001100001000
0000000000001110
1111110010101000
1111110000010000
0000000000000100
1110001100001000
0000000000001110
1111110010101000
1111110000010000
0000000000000011
1110001100001000
0000000000001110
1111110010101000
1111110000010000
0000000000000010
1110001100001000
0000000000001110
1111110010101000
1111110000010000
0000000000000001
1110001100001000
0000000000001101
1111110000100000
1110101010000111
0000000000000000
1110110000010000
0000000000000010
1111000010100000
1111110000010000
0000000000000000
1111110111101000
1110110010100000
1110001100001000
0000000000000000
1111110010101000
1111110000010000
0000000000000011
1110001100001000
0000000000000000
1110110000010000
0000000000000000
1111110111101000
1110110010100000
1110001100001000
0000001010110110
1110110000010000
0000000000000000
1111110111101000
1110110010100000
1110001100001000
0000000000000001
1111110000010000
0000000000000000
1111110111101000
1110110010100000
1110001100001000
0000000000000010
1111110000010000
0000000000000000
1111110111101000
1110110010100000
1110001100001000
0000000000000011
1111110000010000
0000000000000000
1111110111101000
1110110010100000
1110001100001000
0000000000000100
1111110000010000
0000000000000000
1111110111101000
1110110010100000
1110001100001000
0000000000000110
1110110000010000
0000000000000000
1111000111010000
0000000000000010
1110001100001000
0000000000000000
1111110000010000
0000000000000001
1110001100001000
0000000011111110
1110101010000111
0000000000000000
1111110010101000
1111110000010000
0000000000000101
1110001100001000
0000000000000000
1110110000010000
0000000000000011
1111000010100000
1111110000010000
0000000000000000
1111110111101000
1110110010100000
1110001100001000
0000000000000001
1110110000010000
0000000000000011
1111000010100000
1111110000010000
0000000000000000
1111110111101000
1110110010100000
1110001100001000
0000000000000000
1110110000010000
0000000000000011
1111000010100000
1111110000010000
0000000000000000
1111110111101000
1110110010100000
1110001100001000
0000000000000010
1110110000010000
0000000000000011
1111000010100000
1111110000010000
0000000000000000
1111110111101000
1110110010100000
1110001100001000
0000000000000000
1111110010101000
1111110000010000
0000000000000000
1111110010101000
1111110000100000
1110000010010000
0000000000000000
1111110111101000
1110110010100000
1110001100001000
0000000000000001
1110110000010000
0000000000000011
1111000010100000
1111110000010000
0000000000000000
1111110111101000
1110110010100000
1110001100001000
0000000000000010
1110110000010000
0000000000000011
1111000010100000
1111110000010000
0000000000000000
1111110111101000
1110110010100000
1110001100001000
0000000000000000
1111110010101000
1111110000010000
0000000000000000
1111110010101000
1111110000100000
1110000010010000
0000000000000000
1111110111101000
1110110010100000
1110001100001000
0000001100110001
1110110000010000
0000000000000000
1111110111101000
1110110010100000
1110001100001000
0000000000000001
1111110000010000
0000000000000000
1111110111101000
1110110010100000
1110001100001000
0000000000000010
1111110000010000
0000000000000000
1111110111101000
1110110010100000
1110001100001000
0000000000000011
1111110000010000
0000000000000000
1111110111101000
1110110010100000
1110001100001000
0000000000000100
1111110000010000
0000000000000000
1111110111101000
1110110010100000
1110001100001000
0000000000001001
1110110000010000
0000000000000000
1111000111010000
0000000000000010
1110001100001000
0000000000000000
1111110000010000
0000000000000001
1110001100001000
0000000100001001
1110101010000111
0000000000000000
1111110010101000
1111110000010000
0000000000000101
1110001100001000
0000000000000000
1110110000010000
0000000000000000
1111110111101000
1110110010100000
1110001100001000
0000000000000001
1111110000010000
0000000000001110
1110001100001000
0000000000000101
1110110000010000
0000000000001110
1111000111100000
1111110000010000
0000000000001101
1110001100001000
0000000000000000
1111110010101000
1111110000010000
0000000000000010
1111110000100000
1110001100001000
0000000000000010
1111110111010000
0000000000000000
1110001100001000
0000000000001110
1111110010101000
1111110000010000
0000000000000100
1110001100001000
0000000000001110
1111110010101000
1111110000010000
0000000000000011
1110001100001000
0000000000001110
1111110010101000
1111110000010000
0000000000000010
1110001100001000
0000000000001110
1111110010101000
1111110000010000
0000000000000001
1110001100001000
0000000000001101
1111110000100000
1110101010000111
0000000000000000
1110110000010000
0000000000000010
1111000010100000
1111110000010000
0000000000000000
1111110111101000
1110110010100000
1110001100001000
0000000000000000
1111110010101000
1111110000010000
0000000000000011
1110001100001000
0000000000000001
1110110000010000
0000000000000011
1111000010100000
1111110000010000
0000000000000000
1111110111101000
1110110010100000
1110001100001000
0000000000000010
1110110000010000
0000000000000011
1111000010100000
1111110000010000
0000000000000000
1111110111101000
1110110010100000
1110001100001000
0000000000000000
1111110010101000
1111110000010000
0000000000000000
1111110010101000
1111110000100000
1110000010010000
0000000000000000
1111110111101000
1110110010100000
1110001100001000
0000000011111110
1110110000010000
0000000000000000
1111110111101000
1110110010100000
1110001100001000
0000000000000000
1111110010101000
1111110000010000
0000000000000000
1111110010101000
1111110000100000
1110000111010000
0000001110100101
1110001100000100
1110101010010000
0000001110100110
1110101010000111
1110111010010000
0000000000000000
1111110111101000
1110110010100000
1110001100001000
0000000000000000
1110110000010000
0000000000000011
1111000010100000
1111110000010000
0000000000000000
1111110111101000
1110110010100000
1110001100001000
0000000000000010
1110110000010000
0000000000000011
1111000010100000
1111110000010000
0000000000000000
1111110111101000
1110110010100000
1110001100001000
0000000000000000
1111110010101000
1111110000010000
0000000000000000
1111110010101000
1111110000100000
1110000010010000
0000000000000000
1111110111101000
1110110010100000
1110001100001000
0000000111111110
1110110000010000
0000000000000000
1111110111101000
1110110010100000
1110001100001000
0000000000000000
1111110010101000
1111110000010000
0000000000000000
1111110010101000
1111110000100000
1110000111010000
0000001111011001
1110001100000100
1110101010010000
0000001111011010
1110101010000111
1110111010010000
0000000000000000
1111110111101000
1110110010100000
1110001100001000
0000000000000000
1111110010101000
1111110000010000
0000000000000000
1111110010101000
1111110000100000
1110000000010000
0000000000000000
1111110111101000
1110110010100000
1110001100001000
0000000000000000
1111110010101000
1111110000010000
0001001101101001
1110001100000101
0001001110100001
1110101010000111
0000000000000011
1111110000010000
0000000000000000
1111110111101000
1110110010100000
1110001100001000
0000010000100000
1110110000010000
0000000000000000
1111110111101000
1110110010100000
1110001100001000
0000000000000001
1111110000010000
0000000000000000
1111110111101000
1110110010100000
1110001100001000
0000000000000010
1111110000010000
0000000000000000
1111110111101000
1110110010100000
1110001100001000
0000000000000011
1111110000010000
0000000000000000
1111110111101000
1110110010100000
1110001100001000
0000000000000100
1111110000010000
0000000000000000
1111110111101000
1110110010100000
1110001100001000
0000000000000110
1110110000010000
0000000000000000
1111000111010000
0000000000000010
1110001100001000
0000000000000000
1111110000010000
0000000000000001
1110001100001000
0000001001111000
1110101010000111
0000000000000000
1111110010101000
1111110000010000
0000000000000101
1110001100001000
0000000000000010
1110110000010000
0000000000000011
1111000010100000
1111110000010000
0000000000000000
1111110111101000
1110110010100000
1110001100001000
0000000000000010
1110110000010000
0000000000000000
1111110111101000
1110110010100000
1110001100001000
0000000000000000
1111110010101000
1111110000010000
0000000000000000
1111110010101000
1111110000100000
1110000010010000
0000000000000000
1111110111101000
1110110010100000
1110001100001000
0000000000000010
1110110000010000
0000000110000010
1111000010010000
0000000000001101
1110001100001000
0000000000000000
1111110010101000
1111110000010000
0000000000001101
1111110000100000
1110001100001000
0000000000000011
1111110000010000
0000000000000000
1111110111101000
1110110010100000
1110001100001000
0000010001111011
1110110000010000
0000000000000000
1111110111101000
1110110010100000
1110001100001000
0000000000000001
1111110000010000
0000000000000000
1111110111101000
1110110010100000
1110001100001000
0000000000000010
1111110000010000
0000000000000000
1111110111101000
1110110010100000
1110001100001000
0000000000000011
1111110000010000
0000000000000000
1111110111101000
1110110010100000
1110001100001000
0000000000000100
1111110000010000
0000000000000000
1111110111101000
1110110010100000
1110001100001000
0000000000000110
1110110000010000
0000000000000000
1111000111010000
0000000000000010
1110001100001000
0000000000000000
1111110000010000
0000000000000001
1110001100001000
0000000110000000
1110101010000111
0000000000000000
1111110010101000
1111110000010000
0000000000000101
1110001100001000
0000000000000000
1110110000010000
0000000000000000
1111110111101000
1110110010100000
1110001100001000
0000000000000001
1111110000010000
0000000000001110
1110001100001000
0000000000000101
1110110000010000
0000000000001110
1111000111100000
1111110000010000
0000000000001101
1110001100001000
0000000000000000
1111110010101000
1111110000010000
0000000000000010
1111110000100000
1110001100001000
0000000000000010
1111110111010000
0000000000000000
1110001100001000
0000000000001110
1111110010101000
1111110000010000
0000000000000100
1110001100001000
0000000000001110
1111110010101000
1111110000010000
0000000000000011
1110001100001000
0000000000001110
1111110010101000
1111110000010000
0000000000000010
1110001100001000
0000000000001110
1111110010101000
1111110000010000
0000000000000001
1110001100001000
0000000000001101
1111110000100000
1110101010000111
0000000000000000
1110110000010000
0000000000000010
1111000010100000
1111110000010000
0000000000000000
1111110111101000
1110110010100000
1110001100001000
0000000000000000
1111110010101000
1111110000010000
0000000000000011
1110001100001000
0000000000000010
1110110000010000
0000000000000011
1111000010100000
1111110000010000
0000000000000000
1111110111101000
1110110010100000
1110001100001000
0000000000000010
1110110000010000
0000000000000000
1111110111101000
1110110010100000
1110001100001000
0000000000000000
1111110010101000
1111110000010000
0000000000000000
1111110010101000
1111110000100000
1110000111010000
0000010011011011
1110001100000001
1110101010010000
0000010011011100
1110101010000111
1110111010010000
0000000000000000
1111110111101000
1110110010100000
1110001100001000
0000000000000000
1111110010101000
1111110000010000
0001001101101001
1110001100000101
0001001110100001
1110101010000111
0000000000000011
1111110000010000
0000000000000000
1111110111101000
1110110010100000
1110001100001000
0000010100010111
1110110000010000
0000000000000000
1111110111101000
1110110010100000
1110001100001000
0000000000000001
1111110000010000
0000000000000000
1111110111101000
1110110010100000
1110001100001000
0000000000000010
1111110000010000
0000000000000000
1111110111101000
1110110010100000
1110001100001000
0000000000000011
1111110000010000
0000000000000000
1111110111101000
1110110010100000
1110001100001000
0000000000000100
1111110000010000
0000000000000000
1111110111101000
1110110010100000
1110001100001000
0000000000000110
1110110000010000
0000000000000000
1111000111010000
0000000000000010
1110001100001000
0000000000000000
1111110000010000
0000000000000001
1110001100001000
0000001001111000
1110101010000111
0000000000000000
1111110010101000
1111110000010000
0000000000000101
1110001100001000
0000000000000010
1110110000010000
0000000000000011
1111000010100000
1111110000010000
0000000000000000
1111110111101000
1110110010100000
1110001100001000
0000000000000010
1110110000010000
0000000000000000
1111110111101000
1110110010100000
1110001100001000
0000000000000000
1111110010101000
1111110000010000
0000000000000000
1111110010101000
1111110000100000
1110000111010000
0000000000000000
1111110111101000
1110110010100000
1110001100001000
0000000000000010
1110110000010000
0000000110000010
1111000010010000
0000000000001101
1110001100001000
0000000000000000
1111110010101000
1111110000010000
0000000000001101
1111110000100000
1110001100001000
0000000000000011
1111110000010000
0000000000000000
1111110111101000
1110110010100000
1110001100001000
0000010101110010
1110110000010000
0000000000000000
1111110111101000
1110110010100000
1110001100001000
0000000000000001
1111110000010000
0000000000000000
1111110111101000
1110110010100000
1110001100001000
0000000000000010
1111110000010000
0000000000000000
1111110111101000
1110110010100000
1110001100001000
0000000000000011
1111110000010000
0000000000000000
1111110111101000
1110110010100000
1110001100001000
0000000000000100
1111110000010000
0000000000000000
1111110111101000
1110110010100000
1110001100001000
0000000000000110
1110110000010000
0000000000000000
1111000111010000
0000000000000010
1110001100001000
0000000000000000
1111110000010000
0000000000000001
1110001100001000
0000000110000000
1110101010000111
0000000000000000
1111110010101000
1111110000010000
0000000000000101
1110001100001000
0000000000000000
1110110000010000
0000000000000000
1111110111101000
1110110010100000
1110001100001000
0000000000000001
1111110000010000
0000000000001110
1110001100001000
0000000000000101
1110110000010000
0000000000001110
1111000111100000
1111110000010000
0000000000001101
1110001100001000
0000000000000000
1111110010101000
1111110000010000
0000000000000010
1111110000100000
1110001100001000
0000000000000010
1111110111010000
0000000000000000
1110001100001000
0000000000001110
1111110010101000
1111110000010000
0000000000000100
1110001100001000
0000000000001110
1111110010101000
1111110000010000
0000000000000011
1110001100001000
0000000000001110
1111110010101000
1111110000010000
0000000000000010
1110001100001000
0000000000001110
1111110010101000
1111110000010000
0000000000000001
1110001100001000
0000000000001101
1111110000100000
1110101010000111
0000000000000000
1110110000010000
0000000000000010
1111000010100000
1111110000010000
0000000000000000
1111110111101000
1110110010100000
1110001100001000
0000000000000000
1111110010101000
1111110000010000
0000000000000011
1110001100001000
0000000000000001
1110110000010000
0000000000000011
1111000010100000
1111110000010000
0000000000000000
1111110111101000
1110110010100000
1110001100001000
0000000000000001
1110110000010000
0000000000000000
1111110111101000
1110110010100000
1110001100001000
0000000000000000
1111110010101000
1111110000010000
0000000000000000
1111110010101000
1111110000100000
1110000111010000
0000010111010010
1110001100000001
1110101010010000
0000010111010011
1110101010000111
1110111010010000
0000000000000000
1111110111101000
1110110010100000
1110001100001000
0000000000000000
1111110010101000
1111110000010000
0001001101101001
1110001100000101
0001001110100001
1110101010000111
0000000000000000
1110110000010000
0000000000000000
1111110111101000
1110110010100000
1110001100001000
0000011000001110
1110110000010000
0000000000000000
1111110111101000
1110110010100000
1110001100001000
0000000000000001
1111110000010000
0000000000000000
1111110111101000
1110110010100000
1110001100001000
0000000000000010
1111110000010000
0000000000000000
1111110111101000
1110110010100000
1110001100001000
0000000000000011
1111110000010000
0000000000000000
1111110111101000
1110110010100000
1110001100001000
0000000000000100
1111110000010000
0000000000000000
1111110111101000
1110110010100000
1110001100001000
0000000000000110
1110110000010000
0000000000000000
1111000111010000
0000000000000010
1110001100001000
0000000000000000
1111110000010000
0000000000000001
1110001100001000
0000000011111110
1110101010000111
0000000000000000
1111110010101000
1111110000010000
0000000000000101
1110001100001000
0000000000000000
1110110000010000
0000000000000011
1111000010100000
1111110000010000
0000000000000000
1111110111101000
1110110010100000
1110001100001000
0000000000000001
1110110000010000
0000000000000011
1111000010100000
1111110000010000
0000000000000000
1111110111101000
1110110010100000
1110001100001000
0000000000000010
1110110000010000
0000000000000011
1111000010100000
1111110000010000
0000000000000000
1111110111101000
1110110010100000
1110001100001000
0000000000000000
1111110010101000
1111110000010000
0000000000000000
1111110010101000
1111110000100000
1110000010010000
0000000000000000
1111110111101000
1110110010100000
1110001100001000
0000000000000001
1110110000010000
0000000000000000
1111110111101000
1110110010100000
1110001100001000
0000000000000000
1111110010101000
1111110000010000
0000000000000000
1111110010101000
1111110000100000
1110000111010000
0000000000000000
1111110111101000
1110110010100000
1110001100001000
0000000000000000
1110110000010000
0000000000000011
1111000010100000
1111110000010000
0000000000000000
1111110111101000
1110110010100000
1110001100001000
0000000000000010
1110110000010000
0000000000000011
1111000010100000
1111110000010000
0000000000000000
1111110111101000
1110110010100000
1110001100001000
0000000000000000
1111110010101000
1111110000010000
0000000000000000
1111110010101000
1111110000100000
1110000010010000
0000000000000000
1111110111101000
1110110010100000
1110001100001000
0000000000000001
1110110000010000
0000000000000011
1111000010100000
1111110000010000
0000000000000000
1111110111101000
1110110010100000
1110001100001000
0000000000000010
1110110000010000
0000000000000011
1111000010100000
1111110000010000
0000000000000000
1111110111101000
1110110010100000
1110001100001000
0000000000000000
1111110010101000
1111110000010000
0000000000000000
1111110010101000
1111110000100000
1110000010010000
0000000000000000
1111110111101000
1110110010100000
1110001100001000
0000011010101110
1110110000010000
0000000000000000
1111110111101000
1110110010100000
1110001100001000
0000000000000001
1111110000010000
0000000000000000
1111110111101000
1110110010100000
1110001100001000
0000000000000010
1111110000010000
0000000000000000
1111110111101000
1110110010100000
1110001100001000
0000000000000011
1111110000010000
0000000000000000
1111110111101000
1110110010100000
1110001100001000
0000000000000100
1111110000010000
0000000000000000
1111110111101000
1110110010100000
1110001100001000
0000000000001001
1110110000010000
0000000000000000
1111000111010000
0000000000000010
1110001100001000
0000000000000000
1111110000010000
0000000000000001
1110001100001000
0000000100001001
1110101010000111
0000000000000000
1111110010101000
1111110000010000
0000000000000101
1110001100001000
0000000000000001
1110110000010000
0000000000000011
1111000010100000
1111110000010000
0000000000000000
1111110111101000
1110110010100000
1110001100001000
0000000000000010
1110110000010000
0000000000000000
1111110111101000
1110110010100000
1110001100001000
0000000000000000
1111110010101000
1111110000010000
0000000000000000
1111110010101000
1111110000100000
1110000111010000
0000000000000000
1111110111101000
1110110010100000
1110001100001000
0000000000000001
1110110000010000
0000000110000010
1111000010010000
0000000000001101
1110001100001000
0000000000000000
1111110010101000
1111110000010000
0000000000001101
1111110000100000
1110001100001000
0000000000000000
1110110000010000
0000000000000000
1111110111101000
1110110010100000
1110001100001000
0000000000000000
1111110010101000
1111110000010000
1110001101010000
0000000000000000
1111110111101000
1110110010100000
1110001100001000
0000011100010001
1110110000010000
0000000000000000
1111110111101000
1110110010100000
1110001100001000
0000000000000001
1111110000010000
0000000000000000
1111110111101000
1110110010100000
1110001100001000
0000000000000010
1111110000010000
0000000000000000
1111110111101000
1110110010100000
1110001100001000
0000000000000011
1111110000010000
0000000000000000
1111110111101000
1110110010100000
1110001100001000
0000000000000100
1111110000010000
0000000000000000
1111110111101000
1110110010100000
1110001100001000
0000000000000110
1110110000010000
0000000000000000
1111000111010000
0000000000000010
1110001100001000
0000000000000000
1111110000010000
0000000000000001
1110001100001000
0000000011111110
1110101010000111
0000000000000000
1111110010101000
1111110000010000
0000000000000101
1110001100001000
0000000000000000
1110110000010000
0000000000000011
1111000010100000
1111110000010000
0000000000000000
1111110111101000
1110110010100000
1110001100001000
0000000000000001
1110110000010000
0000000000000011
1111000010100000
1111110000010000
0000000000000000
1111110111101000
1110110010100000
1110001100001000
0000000000000000
1110110000010000
0000000000000011
1111000010100000
1111110000010000
0000000000000000
1111110111101000
1110110010100000
1110001100001000
0000000000000010
1110110000010000
0000000000000011
1111000010100000
1111110000010000
0000000000000000
1111110111101000
1110110010100000
1110001100001000
0000000000000000
1111110010101000
1111110000010000
0000000000000000
1111110010101000
1111110000100000
1110000010010000
0000000000000000
1111110111101000
1110110010100000
1110001100001000
0000000000000001
1110110000010000
0000000000000011
1111000010100000
1111110000010000
0000000000000000
1111110111101000
1110110010100000
1110001100001000
0000000000000001
1110110000010000
0000000000000000
1111110111101000
1110110010100000
1110001100001000
0000000000000000
1111110010101000
1111110000010000
0000000000000000
1111110010101000
1111110000100000
1110000010010000
0000000000000000
1111110111101000
1110110010100000
1110001100001000
0000011110001001
1110110000010000
0000000000000000
1111110111101000
1110110010100000
1110001100001000
0000000000000001
1111110000010000
0000000000000000
1111110111101000
1110110010100000
1110001100001000
0000000000000010
1111110000010000
0000000000000000
1111110111101000
1110110010100000
1110001100001000
0000000000000011
1111110000010000
0000000000000000
1111110111101000
1110110010100000
1110001100001000
0000000000000100
1111110000010000
0000000000000000
1111110111101000
1110110010100000
1110001100001000
0000000000001001
1110110000010000
0000000000000000
1111000111010000
0000000000000010
1110001100001000
0000000000000000
1111110000010000
0000000000000001
1110001100001000
0000000100001001
1110101010000111
0000000000000000
1111110010101000
1111110000010000
0000000000000101
1110001100001000
0000000000000000
1110110000010000
0000000000000000
1111110111101000
1110110010100000
1110001100001000
0000000000000001
1111110000010000
0000000000001110
1110001100001000
0000000000000101
1110110000010000
0000000000001110
1111000111100000
1111110000010000
0000000000001101
1110001100001000
0000000000000000
1111110010101000
1111110000010000
0000000000000010
1111110000100000
1110001100001000
0000000000000010
1111110111010000
0000000000000000
1110001100001000
0000000000001110
1111110010101000
1111110000010000
0000000000000100
1110001100001000
0000000000001110
1111110010101000
1111110000010000
0000000000000011
1110001100001000
0000000000001110
1111110010101000
1111110000010000
0000000000000010
1110001100001000
0000000000001110
1111110010101000
1111110000010000
0000000000000001
1110001100001000
0000000000001101
1111110000100000
1110101010000111
0000000000000000
1110110000010000
0000000000000010
1111000010100000
1111110000010000
0000000000000000
1111110111101000
1110110010100000
1110001100001000
0000000000000000
1111110010101000
1111110000010000
0000000000000011
1110001100001000
0000000000000001
1110110000010000
0000000000000011
1111000010100000
1111110000010000
0000000000000000
1111110111101000
1110110010100000
1110001100001000
0000000000000010
1110110000010000
0000000000000011
1111000010100000
1111110000010000
0000000000000000
1111110111101000
1110110010100000
1110001100001000
0000000000000000
1111110010101000
1111110000010000
0000000000000000
1111110010101000
1111110000100000
1110000010010000
0000000000000000
1111110111101000
1110110010100000
1110001100001000
0000000011111110
1110110000010000
0000000000000000
1111110111101000
1110110010100000
1110001100001000
0000000000000000
1111110010101000
1111110000010000
0000000000000000
1111110010101000
1111110000100000
1110000111010000
0000011111111101
1110001100000100
1110101010010000
0000011111111110
1110101010000111
1110111010010000
0000000000000000
1111110111101000
1110110010100000
1110001100001000
0000000000000000
1111110010101000
1111110000010000
0001001101101001
1110001100000101
0001001110100001
1110101010000111
0000000000000000
1110110000010000
0000000000000000
1111110111101000
1110110010100000
1110001100001000
0000100000111001
1110110000010000
0000000000000000
1111110111101000
1110110010100000
1110001100001000
0000000000000001
1111110000010000
0000000000000000
1111110111101000
1110110010100000
1110001100001000
0000000000000010
1111110000010000
0000000000000000
1111110111101000
1110110010100000
1110001100001000
0000000000000011
1111110000010000
0000000000000000
1111110111101000
1110110010100000
1110001100001000
0000000000000100
1111110000010000
0000000000000000
1111110111101000
1110110010100000
1110001100001000
0000000000000110
1110110000010000
0000000000000000
1111000111010000
0000000000000010
1110001100001000
0000000000000000
1111110000010000
0000000000000001
1110001100001000
0000000011111110
1110101010000111
0000000000000000
1111110010101000
1111110000010000
0000000000000101
1110001100001000
0000000000000000
1110110000010000
0000000000000011
1111000010100000
1111110000010000
0000000000000000
1111110111101000
1110110010100000
1110001100001000
0000000000000001
1110110000010000
0000000000000011
1111000010100000
1111110000010000
0000000000000000
1111110111101000
1110110010100000
1110001100001000
0000000000000000
1110110000010000
0000000000000011
1111000010100000
1111110000010000
0000000000000000
1111110111101000
1110110010100000
1110001100001000
0000000000000010
1110110000010000
0000000000000011
1111000010100000
1111110000010000
0000000000000000
1111110111101000
1110110010100000
1110001100001000
0000000000000000
1111110010101000
1111110000010000
0000000000000000
1111110010101000
1111110000100000
1110000010010000
0000000000000000
1111110111101000
1110110010100000
1110001100001000
0000000000000001
1110110000010000
0000000000000011
1111000010100000
1111110000010000
0000000000000000
1111110111101000
1110110010100000
1110001100001000
0000000000000001
1110110000010000
0000000000000000
1111110111101000
1110110010100000
1110001100001000
0000000000000000
1111110010101000
1111110000010000
0000000000000000
1111110010101000
1111110000100000
1110000010010000
0000000000000000
1111110111101000
1110110010100000
1110001100001000
0000100010110001
1110110000010000
0000000000000000
1111110111101000
1110110010100000
1110001100001000
0000000000000001
1111110000010000
0000000000000000
1111110111101000
1110110010100000
1110001100001000
0000000000000010
1111110000010000
0000000000000000
1111110111101000
1110110010100000
1110001100001000
0000000000000011
1111110000010000
0000000000000000
1111110111101000
1110110010100000
1110001100001000
0000000000000100
1111110000010000
0000000000000000
1111110111101000
1110110010100000
1110001100001000
0000000000001001
1110110000010000
0000000000000000
1111000111010000
0000000000000010
1110001100001000
0000000000000000
1111110000010000
0000000000000001
1110001100001000
0000000100001001
1110101010000111
0000000000000000
1111110010101000
1111110000010000
0000000000000101
1110001100001000
0000000000000001
1110110000010000
0000000000000011
1111000010100000
1111110000010000
0000000000000000
1111110111101000
1110110010100000
1110001100001000
0000000000000010
1110110000010000
0000000000000000
1111110111101000
1110110010100000
1110001100001000
0000000000000000
1111110010101000
1111110000010000
0000000000000000
1111110010101000
1111110000100000
1110000010010000
0000000000000000
1111110111101000
1110110010100000
1110001100001000
0000000000000001
1110110000010000
0000000110000010
1111000010010000
0000000000001101
1110001100001000
0000000000000000
1111110010101000
1111110000010000
0000000000001101
1111110000100000
1110001100001000
0000000000000000
1110110000010000
0000000000000000
1111110111101000
1110110010100000
1110001100001000
0000000000000000
1111110010101000
1111110000010000
1110001101010000
0000000000000000
1111110111101000
1110110010100000
1110001100001000
0000100100010100
1110110000010000
0000000000000000
1111110111101000
1110110010100000
1110001100001000
0000000000000001
1111110000010000
0000000000000000
1111110111101000
1110110010100000
1110001100001000
0000000000000010
1111110000010000
0000000000000000
1111110111101000
1110110010100000
1110001100001000
0000000000000011
1111110000010000
0000000000000000
1111110111101000
1110110010100000
1110001100001000
0000000000000100
1111110000010000
0000000000000000
1111110111101000
1110110010100000
1110001100001000
0000000000000110
1110110000010000
0000000000000000
1111000111010000
0000000000000010
1110001100001000
0000000000000000
1111110000010000
0000000000000001
1110001100001000
0000000011111110
1110101010000111
0000000000000000
1111110010101000
1111110000010000
0000000000000101
1110001100001000
0000000000000000
1110110000010000
0000000000000011
1111000010100000
1111110000010000
0000000000000000
1111110111101000
1110110010100000
1110001100001000
0000000000000001
1110110000010000
0000000000000011
1111000010100000
1111110000010000
0000000000000000
1111110111101000
1110110010100000
1110001100001000
0000000000000010
1110110000010000
0000000000000011
1111000010100000
1111110000010000
0000000000000000
1111110111101000
1110110010100000
1110001100001000
0000000000000000
1111110010101000
1111110000010000
0000000000000000
1111110010101000
1111110000100000
1110000010010000
0000000000000000
1111110111101000
1110110010100000
1110001100001000
0000000000000001
1110110000010000
0000000000000000
1111110111101000
1110110010100000
1110001100001000
0000000000000000
1111110010101000
1111110000010000
0000000000000000
1111110010101000
1111110000100000
1110000111010000
0000000000000000
1111110111101000
1110110010100000
1110001100001000
0000000000000000
1110110000010000
0000000000000011
1111000010100000
1111110000010000
0000000000000000
1111110111101000
1110110010100000
1110001100001000
0000000000000010
1110110000010000
0000000000000011
1111000010100000
1111110000010000
0000000000000000
1111110111101000
1110110010100000
1110001100001000
0000000000000000
1111110010101000
1111110000010000
0000000000000000
1111110010101000
1111110000100000
1110000010010000
0000000000000000
1111110111101000
1110110010100000
1110001100001000
0000000000000001
1110110000010000
0000000000000011
1111000010100000
1111110000010000
0000000000000000
1111110111101000
1110110010100000
1110001100001000
0000000000000010
1110110000010000
0000000000000011
1111000010100000
1111110000010000
0000000000000000
1111110111101000
1110110010100000
1110001100001000
0000000000000000
1111110010101000
1111110000010000
0000000000000000
1111110010101000
1111110000100000
1110000010010000
0000000000000000
1111110111101000
1110110010100000
1110001100001000
0000100110110100
1110110000010000
0000000000000000
1111110111101000
1110110010100000
1110001100001000
0000000000000001
1111110000010000
0000000000000000
1111110111101000
1110110010100000
1110001100001000
0000000000000010
1111110000010000
0000000000000000
1111110111101000
1110110010100000
1110001100001000
0000000000000011
1111110000010000
0000000000000000
1111110111101000
1110110010100000
1110001100001000
0000000000000100
1111110000010000
0000000000000000
1111110111101000
1110110010100000
1110001100001000
0000000000001001
1110110000010000
0000000000000000
1111000111010000
0000000000000010
1110001100001000
0000000000000000
1111110000010000
0000000000000001
1110001100001000
0000000100001001
1110101010000111
0000000000000000
1111110010101000
1111110000010000
0000000000000101
1110001100001000
0000000000000000
1110110000010000
0000000000000000
1111110111101000
1110110010100000
1110001100001000
0000000000000001
1111110000010000
0000000000001110
1110001100001000
0000000000000101
1110110000010000
0000000000001110
1111000111100000
1111110000010000
0000000000001101
1110001100001000
0000000000000000
1111110010101000
1111110000010000
0000000000000010
1111110000100000
1110001100001000
0000000000000010
1111110111010000
0000000000000000
1110001100001000
0000000000001110
1111110010101000
1111110000010000
0000000000000100
1110001100001000
0000000000001110
1111110010101000
1111110000010000
0000000000000011
1110001100001000
0000000000001110
1111110010101000
1111110000010000
0000000000000010
1110001100001000
0000000000001110
1111110010101000
1111110000010000
0000000000000001
1110001100001000
0000000000001101
1111110000100000
1110101010000111
0000000000000000
1110110000010000
0000000000000010
1111000010100000
1111110000010000
0000000000000000
1111110111101000
1110110010100000
1110001100001000
0000000000000000
1111110010101000
1111110000010000
0000000000000011
1110001100001000
0000000000000000
1110110000010000
0000000000000011
1111000010100000
1111110000010000
0000000000000000
1111110111101000
1110110010100000
1110001100001000
0000000000000001
1110110000010000
0000000000000000
1111110111101000
1110110010100000
1110001100001000
0000000000000000
1111110010101000
1111110000010000
0000000000000000
1111110010101000
1111110000100000
1110000111010000
0000101000010100
1110001100000001
1110101010010000
0000101000010101
1110101010000111
1110111010010000
0000000000000000
1111110111101000
1110110010100000
1110001100001000
0000000000000000
1111110010101000
1111110000010000
0001001101101001
1110001100000101
0001001110100001
1110101010000111
0000000000000000
1110110000010000
0000000000000000
1111110111101000
1110110010100000
1110001100001000
0000101001010000
1110110000010000
0000000000000000
1111110111101000
1110110010100000
1110001100001000
0000000000000001
1111110000010000
0000000000000000
1111110111101000
1110110010100000
1110001100001000
0000000000000010
1111110000010000
0000000000000000
1111110111101000
1110110010100000
1110001100001000
0000000000000011
1111110000010000
0000000000000000
1111110111101000
1110110010100000
1110001100001000
0000000000000100
1111110000010000
0000000000000000
1111110111101000
1110110010100000
1110001100001000
0000000000000110
1110110000010000
0000000000000000
1111000111010000
0000000000000010
1110001100001000
0000000000000000
1111110000010000
0000000000000001
1110001100001000
0000000011111110
1110101010000111
0000000000000000
1111110010101000
1111110000010000
0000000000000101
1110001100001000
0000000000000000
1110110000010000
0000000000000011
1111000010100000
1111110000010000
0000000000000000
1111110111101000
1110110010100000
1110001100001000
0000000000000010
1110110000010000
0000000000000011
1111000010100000
1111110000010000
0000000000000000
1111110111101000
1110110010100000
1110001100001000
0000000000000000
1111110010101000
1111110000010000
0000000000000000
1111110010101000
1111110000100000
1110000010010000
0000000000000000
1111110111101000
1110110010100000
1110001100001000
0000000000000001
1110110000010000
0000000000000000
1111110111101000
1110110010100000
1110001100001000
0000000000000000
1111110010101000
1111110000010000
0000000000000000
1111110010101000
1111110000100000
1110000111010000
0000000000000000
1111110111101000
1110110010100000
1110001100001000
0000000000000001
1110110000010000
0000000000000011
1111000010100000
1111110000010000
0000000000000000
1111110111101000
1110110010100000
1110001100001000
0000000000000000
1110110000010000
0000000000000011
1111000010100000
1111110000010000
0000000000000000
1111110111101000
1110110010100000
1110001100001000
0000000000000010
1110110000010000
0000000000000011
1111000010100000
1111110000010000
0000000000000000
1111110111101000
1110110010100000
1110001100001000
0000000000000000
1111110010101000
1111110000010000
0000000000000000
1111110010101000
1111110000100000
1110000010010000
0000000000000000
1111110111101000
1110110010100000
1110001100001000
0000000000000001
1110110000010000
0000000000000011
1111000010100000
1111110000010000
0000000000000000
1111110111101000
1110110010100000
1110001100001000
0000000000000010
1110110000010000
0000000000000011
1111000010100000
1111110000010000
0000000000000000
1111110111101000
1110110010100000
1110001100001000
0000000000000000
1111110010101000
1111110000010000
0000000000000000
1111110010101000
1111110000100000
1110000010010000
0000000000000000
1111110111101000
1110110010100000
1110001100001000
0000101011110000
1110110000010000
0000000000000000
1111110111101000
1110110010100000
1110001100001000
0000000000000001
1111110000010000
0000000000000000
1111110111101000
1110110010100000
1110001100001000
0000000000000010
1111110000010000
0000000000000000
1111110111101000
1110110010100000
1110001100001000
0000000000000011
1111110000010000
0000000000000000
1111110111101000
1110110010100000
1110001100001000
0000000000000100
1111110000010000
0000000000000000
1111110111101000
1110110010100000
1110001100001000
0000000000001001
1110110000010000
0000000000000000
1111000111010000
0000000000000010
1110001100001000
0000000000000000
1111110000010000
0000000000000001
1110001100001000
0000000100001001
1110101010000111
0000000000000000
1111110010101000
1111110000010000
0000000000000101
1110001100001000
0000000000000000
1110110000010000
0000000000000011
1111000010100000
1111110000010000
0000000000000000
1111110111101000
1110110010100000
1110001100001000
0000000000000010
1110110000010000
0000000000000000
1111110111101000
1110110010100000
1110001100001000
0000000000000000
1111110010101000
1111110000010000
0000000000000000
1111110010101000
1111110000100000
1110000111010000
0000000000000000
1111110111101000
1110110010100000
1110001100001000
0000000000000000
1110110000010000
0000000110000010
1111000010010000
0000000000001101
1110001100001000
0000000000000000
1111110010101000
1111110000010000
0000000000001101
1111110000100000
1110001100001000
0000000000000000
1110110000010000
0000000000000000
1111110111101000
1110110010100000
1110001100001000
0000000000000000
1111110010101000
1111110000010000
1110001101010000
0000000000000000
1111110111101000
1110110010100000
1110001100001000
0000101101010011
1110110000010000
0000000000000000
1111110111101000
1110110010100000
1110001100001000
0000000000000001
1111110000010000
0000000000000000
1111110111101000
1110110010100000
1110001100001000
0000000000000010
1111110000010000
0000000000000000
1111110111101000
1110110010100000
1110001100001000
0000000000000011
1111110000010000
0000000000000000
1111110111101000
1110110010100000
1110001100001000
0000000000000100
1111110000010000
0000000000000000
1111110111101000
1110110010100000
1110001100001000
0000000000000110
1110110000010000
0000000000000000
1111000111010000
0000000000000010
1110001100001000
0000000000000000
1111110000010000
0000000000000001
1110001100001000
0000000011111110
1110101010000111
0000000000000000
1111110010101000
1111110000010000
0000000000000101
1110001100001000
0000000000000000
1110110000010000
0000000000000011
1111000010100000
1111110000010000
0000000000000000
1111110111101000
1110110010100000
1110001100001000
0000000000000001
1110110000010000
0000000000000011
1111000010100000
1111110000010000
0000000000000000
1111110111101000
1110110010100000
1110001100001000
0000000000000000
1110110000010000
0000000000000011
1111000010100000
1111110000010000
0000000000000000
1111110111101000
1110110010100000
1110001100001000
0000000000000001
1110110000010000
0000000000000000
1111110111101000
1110110010100000
1110001100001000
0000000000000000
1111110010101000
1111110000010000
0000000000000000
1111110010101000
1111110000100000
1110000010010000
0000000000000000
1111110111101000
1110110010100000
1110001100001000
0000000000000001
1110110000010000
0000000000000011
1111000010100000
1111110000010000
0000000000000000
1111110111101000
1110110010100000
1110001100001000
0000000000000010
1110110000010000
0000000000000011
1111000010100000
1111110000010000
0000000000000000
1111110111101000
1110110010100000
1110001100001000
0000000000000000
1111110010101000
1111110000010000
0000000000000000
1111110010101000
1111110000100000
1110000010010000
0000000000000000
1111110111101000
1110110010100000
1110001100001000
0000101111001011
1110110000010000
0000000000000000
1111110111101000
1110110010100000
1110001100001000
0000000000000001
1111110000010000
0000000000000000
1111110111101000
1110110010100000
1110001100001000
0000000000000010
1111110000010000
0000000000000000
1111110111101000
1110110010100000
1110001100001000
0000000000000011
1111110000010000
0000000000000000
1111110111101000
1110110010100000
1110001100001000
0000000000000100
1111110000010000
0000000000000000
1111110111101000
1110110010100000
1110001100001000
0000000000001001
1110110000010000
0000000000000000
1111000111010000
0000000000000010
1110001100001000
0000000000000000
1111110000010000
0000000000000001
1110001100001000
0000000100001001
1110101010000111
0000000000000000
1111110010101000
1111110000010000
0000000000000101
1110001100001000
0000000000000000
1110110000010000
0000000000000000
1111110111101000
1110110010100000
1110001100001000
0000000000000001
1111110000010000
0000000000001110
1110001100001000
0000000000000101
1110110000010000
0000000000001110
1111000111100000
1111110000010000
0000000000001101
1110001100001000
0000000000000000
1111110010101000
1111110000010000
0000000000000010
1111110000100000
1110001100001000
0000000000000010
1111110111010000
0000000000000000
1110001100001000
0000000000001110
1111110010101000
1111110000010000
0000000000000100
1110001100001000
0000000000001110
1111110010101000
1111110000010000
0000000000000011
1110001100001000
0000000000001110
1111110010101000
1111110000010000
0000000000000010
1110001100001000
0000000000001110
1111110010101000
1111110000010000
0000000000000001
1110001100001000
0000000000001101
1111110000100000
1110101010000111
0000000000000000
1110110000010000
0000000000000010
1111000010100000
1111110000010000
0000000000000000
1111110111101000
1110110010100000
1110001100001000
0000000000000000
1111110010101000
1111110000010000
0000000000000011
1110001100001000
0000000000000000
1110110000010000
0000000000000011
1111000010100000
1111110000010000
0000000000000000
1111110111101000
1110110010100000
1110001100001000
0000000000000010
1110110000010000
0000000000000011
1111000010100000
1111110000010000
0000000000000000
1111110111101000
1110110010100000
1110001100001000
0000000000000000
1111110010101000
1111110000010000
0000000000000000
1111110010101000
1111110000100000
1110000010010000
0000000000000000
1111110111101000
1110110010100000
1110001100001000
0000000111111110
1110110000010000
0000000000000000
1111110111101000
1110110010100000
1110001100001000
0000000000000000
1111110010101000
1111110000010000
0000000000000000
1111110010101000
1111110000100000
1110000111010000
0000110000111111
1110001100000100
1110101010010000
0000110001000000
1110101010000111
1110111010010000
0000000000000000
1111110111101000
1110110010100000
1110001100001000
0000000000000000
1111110010101000
1111110000010000
0001001101101001
1110001100000101
0001001110100001
1110101010000111
0000000000000000
1110110000010000
0000000000000000
1111110111101000
1110110010100000
1110001100001000
0000110001111011
1110110000010000
0000000000000000
1111110111101000
1110110010100000
1110001100001000
0000000000000001
1111110000010000
0000000000000000
1111110111101000
1110110010100000
1110001100001000
0000000000000010
1111110000010000
0000000000000000
1111110111101000
1110110010100000
1110001100001000
0000000000000011
1111110000010000
0000000000000000
1111110111101000
1110110010100000
1110001100001000
0000000000000100
1111110000010000
0000000000000000
1111110111101000
1110110010100000
1110001100001000
0000000000000110
1110110000010000
0000000000000000
1111000111010000
0000000000000010
1110001100001000
0000000000000000
1111110000010000
0000000000000001
1110001100001000
0000000011111110
1110101010000111
0000000000000000
1111110010101000
1111110000010000
0000000000000101
1110001100001000
0000000000000000
1110110000010000
0000000000000011
1111000010100000
1111110000010000
0000000000000000
1111110111101000
1110110010100000
1110001100001000
0000000000000001
1110110000010000
0000000000000011
1111000010100000
1111110000010000
0000000000000000
1111110111101000
1110110010100000
1110001100001000
0000000000000000
1110110000010000
0000000000000011
1111000010100000
1111110000010000
0000000000000000
1111110111101000
1110110010100000
1110001100001000
0000000000000001
1110110000010000
0000000000000000
1111110111101000
1110110010100000
1110001100001000
0000000000000000
1111110010101000
1111110000010000
0000000000000000
1111110010101000
1111110000100000
1110000010010000
0000000000000000
1111110111101000
1110110010100000
1110001100001000
0000000000000001
1110110000010000
0000000000000011
1111000010100000
1111110000010000
0000000000000000
1111110111101000
1110110010100000
1110001100001000
0000000000000010
1110110000010000
0000000000000011
1111000010100000
1111110000010000
0000000000000000
1111110111101000
1110110010100000
1110001100001000
0000000000000000
1111110010101000
1111110000010000
0000000000000000
1111110010101000
1111110000100000
1110000010010000
0000000000000000
1111110111101000
1110110010100000
1110001100001000
0000110011110011
1110110000010000
0000000000000000
1111110111101000
1110110010100000
1110001100001000
0000000000000001
1111110000010000
0000000000000000
1111110111101000
1110110010100000
1110001100001000
0000000000000010
1111110000010000
0000000000000000
1111110111101000
1110110010100000
1110001100001000
0000000000000011
1111110000010000
0000000000000000
1111110111101000
1110110010100000
1110001100001000
0000000000000100
1111110000010000
0000000000000000
1111110111101000
1110110010100000
1110001100001000
0000000000001001
1110110000010000
0000000000000000
1111000111010000
0000000000000010
1110001100001000
0000000000000000
1111110000010000
0000000000000001
1110001100001000
0000000100001001
1110101010000111
0000000000000000
1111110010101000
1111110000010000
0000000000000101
1110001100001000
0000000000000000
1110110000010000
0000000000000011
1111000010100000
1111110000010000
0000000000000000
1111110111101000
1110110010100000
1110001100001000
0000000000000010
1110110000010000
0000000000000000
1111110111101000
1110110010100000
1110001100001000
0000000000000000
1111110010101000
1111110000010000
0000000000000000
1111110010101000
1111110000100000
1110000010010000
0000000000000000
1111110111101000
1110110010100000
1110001100001000
0000000000000000
1110110000010000
0000000110000010
1111000010010000
0000000000001101
1110001100001000
0000000000000000
1111110010101000
1111110000010000
0000000000001101
1111110000100000
1110001100001000
0000000000000000
1110110000010000
0000000000000000
1111110111101000
1110110010100000
1110001100001000
0000000000000000
1111110010101000
1111110000010000
1110001101010000
0000000000000000
1111110111101000
1110110010100000
1110001100001000
0000110101010110
1110110000010000
0000000000000000
1111110111101000
1110110010100000
1110001100001000
0000000000000001
1111110000010000
0000000000000000
1111110111101000
1110110010100000
1110001100001000
0000000000000010
1111110000010000
0000000000000000
1111110111101000
1110110010100000
1110001100001000
0000000000000011
1111110000010000
0000000000000000
1111110111101000
1110110010100000
1110001100001000
0000000000000100
1111110000010000
0000000000000000
1111110111101000
1110110010100000
1110001100001000
0000000000000110
1110110000010000
0000000000000000
1111000111010000
0000000000000010
1110001100001000
0000000000000000
1111110000010000
0000000000000001
1110001100001000
0000000011111110
1110101010000111
0000000000000000
1111110010101000
1111110000010000
0000000000000101
1110001100001000
0000000000000000
1110110000010000
0000000000000011
1111000010100000
1111110000010000
0000000000000000
1111110111101000
1110110010100000
1110001100001000
0000000000000010
1110110000010000
0000000000000011
1111000010100000
1111110000010000
0000000000000000
1111110111101000
1110110010100000
1110001100001000
0000000000000000
1111110010101000
1111110000010000
0000000000000000
1111110010101000
1111110000100000
1110000010010000
0000000000000000
1111110111101000
1110110010100000
1110001100001000
0000000000000001
1110110000010000
0000000000000000
1111110111101000
1110110010100000
1110001100001000
0000000000000000
1111110010101000
1111110000010000
0000000000000000
1111110010101000
1111110000100000
1110000111010000
0000000000000000
1111110111101000
1110110010100000
1110001100001000
0000000000000001
1110110000010000
0000000000000011
1111000010100000
1111110000010000
0000000000000000
1111110111101000
1110110010100000
1110001100001000
0000000000000000
1110110000010000
0000000000000011
1111000010100000
1111110000010000
0000000000000000
1111110111101000
1110110010100000
1110001100001000
0000000000000010
1110110000010000
0000000000000011
1111000010100000
1111110000010000
0000000000000000
1111110111101000
1110110010100000
1110001100001000
0000000000000000
1111110010101000
1111110000010000
0000000000000000
1111110010101000
1111110000100000
1110000010010000
0000000000000000
1111110111101000
1110110010100000
1110001100001000
0000000000000001
1110110000010000
0000000000000011
1111000010100000
1111110000010000
0000000000000000
1111110111101000
1110110010100000
1110001100001000
0000000000000010
1110110000010000
0000000000000011
1111000010100000
1111110000010000
0000000000000000
1111110111101000
1110110010100000
1110001100001000
0000000000000000
1111110010101000
1111110000010000
0000000000000000
1111110010101000
1111110000100000
1110000010010000
0000000000000000
1111110111101000
1110110010100000
1110001100001000
0000110111110110
1110110000010000
0000000000000000
1111110111101000
1110110010100000
1110001100001000
0000000000000001
1111110000010000
0000000000000000
1111110111101000
1110110010100000
1110001100001000
0000000000000010
1111110000010000
0000000000000000
1111110111101000
1110110010100000
1110001100001000
0000000000000011
1111110000010000
0000000000000000
1111110111101000
1110110010100000
1110001100001000
0000000000000100
1111110000010000
0000000000000000
1111110111101000
1110110010100000
1110001100001000
0000000000001001
1110110000010000
0000000000000000
1111000111010000
0000000000000010
1110001100001000
0000000000000000
1111110000010000
0000000000000001
1110001100001000
0000000100001001
1110101010000111
0000000000000000
1111110010101000
1111110000010000
0000000000000101
1110001100001000
0000000000000000
1110110000010000
0000000000000000
1111110111101000
1110110010100000
1110001100001000
0000000000000001
1111110000010000
0000000000001110
1110001100001000
0000000000000101
1110110000010000
0000000000001110
1111000111100000
1111110000010000
0000000000001101
1110001100001000
0000000000000000
1111110010101000
1111110000010000
0000000000000010
1111110000100000
1110001100001000
0000000000000010
1111110111010000
0000000000000000
1110001100001000
0000000000001110
1111110010101000
1111110000010000
0000000000000100
1110001100001000
0000000000001110
1111110010101000
1111110000010000
0000000000000011
1110001100001000
0000000000001110
1111110010101000
1111110000010000
0000000000000010
1110001100001000
0000000000001110
1111110010101000
1111110000010000
0000000000000001
1110001100001000
0000000000001101
1111110000100000
1110101010000111
0000000000000010
1110110000010000
0000000000000000
1111110111101000
1110110010100000
1110001100001000
0000111001011101
1110110000010000
0000000000000000
1111110111101000
1110110010100000
1110001100001000
0000000000000001
1111110000010000
0000000000000000
1111110111101000
1110110010100000
1110001100001000
0000000000000010
1111110000010000
0000000000000000
1111110111101000
1110110010100000
1110001100001000
0000000000000011
1111110000010000
0000000000000000
1111110111101000
1110110010100000
1110001100001000
0000000000000100
1111110000010000
0000000000000000
1111110111101000
1110110010100000
1110001100001000
0000000000000110
1110110000010000
0000000000000000
1111000111010000
0000000000000010
1110001100001000
0000000000000000
1111110000010000
0000000000000001
1110001100001000
0000000100001111
1110101010000111
0000000000000000
1111110010101000
1111110000010000
0000000000000011
1110001100001000
0000000000000000
1110110000010000
0000000000000000
1111110111101000
1110110010100000
1110001100001000
0000000000000000
1110110000010000
0000000000000000
1111110111101000
1110110010100000
1110001100001000
0000000000011110
1110110000010000
0000000000000000
1111110111101000
1110110010100000
1110001100001000
0000111010011110
1110110000010000
0000000000000000
1111110111101000
1110110010100000
1110001100001000
0000000000000001
1111110000010000
0000000000000000
1111110111101000
1110110010100000
1110001100001000
0000000000000010
1111110000010000
0000000000000000
1111110111101000
1110110010100000
1110001100001000
0000000000000011
1111110000010000
0000000000000000
1111110111101000
1110110010100000
1110001100001000
0000000000000100
1111110000010000
0000000000000000
1111110111101000
1110110010100000
1110001100001000
0000000000001000
1110110000010000
0000000000000000
1111000111010000
0000000000000010
1110001100001000
0000000000000000
1111110000010000
0000000000000001
1110001100001000
0000000000110000
1110101010000111
0000000000000000
1110110000010000
0000000110000010
1111000010010000
0000000000001101
1110001100001000
0000000000000000
1111110010101000
1111110000010000
0000000000001101
1111110000100000
1110001100001000
0000000000000000
1110110000010000
0000000000000000
1111110111101000
1110110010100000
1110001100001000
0000000000000001
1110110000010000
0000000110000010
1111000010010000
0000000000001101
1110001100001000
0000000000000000
1111110010101000
1111110000010000
0000000000001101
1111110000100000
1110001100001000
0000000000000011
1111110000010000
0000000000000000
1111110111101000
1110110010100000
1110001100001000
0000000000000001
1111110000010000
0000000000001110
1110001100001000
0000000000000101
1110110000010000
0000000000001110
1111000111100000
1111110000010000
0000000000001101
1110001100001000
0000000000000000
1111110010101000
1111110000010000
0000000000000010
1111110000100000
1110001100001000
0000000000000010
1111110111010000
0000000000000000
1110001100001000
0000000000001110
1111110010101000
1111110000010000
0000000000000100
1110001100001000
0000000000001110
1111110010101000
1111110000010000
0000000000000011
1110001100001000
0000000000001110
1111110010101000
1111110000010000
0000000000000010
1110001100001000
0000000000001110
1111110010101000
1111110000010000
0000000000000001
1110001100001000
0000000000001101
1111110000100000
1110101010000111
0000000000000000
1110110000010000
0000000000000010
1111000010100000
1111110000010000
0000000000000000
1111110111101000
1110110010100000
1110001100001000
0000000000000000
1111110010101000
1111110000010000
0000000000000011
1110001100001000
0000000000000000
1110110000010000
0000000000000011
1111000010100000
1111110000010000
0000000000000000
1111110111101000
1110110010100000
1110001100001000
0000111100101111
1110110000010000
0000000000000000
1111110111101000
1110110010100000
1110001100001000
0000000000000001
1111110000010000
0000000000000000
1111110111101000
1110110010100000
1110001100001000
0000000000000010
1111110000010000
0000000000000000
1111110111101000
1110110010100000
1110001100001000
0000000000000011
1111110000010000
0000000000000000
1111110111101000
1110110010100000
1110001100001000
0000000000000100
1111110000010000
0000000000000000
1111110111101000
1110110010100000
1110001100001000
0000000000000110
1110110000010000
0000000000000000
1111000111010000
0000000000000010
1110001100001000
0000000000000000
1111110000010000
0000000000000001
1110001100001000
0000000100001011
1110101010000111
0000000000000000
1111110010101000
1111110000010000
0000000000000101
1110001100001000
0000000000000011
1111110000010000
0000000000000000
1111110111101000
1110110010100000
1110001100001000
0000111101100100
1110110000010000
0000000000000000
1111110111101000
1110110010100000
1110001100001000
0000000000000001
1111110000010000
0000000000000000
1111110111101000
1110110010100000
1110001100001000
0000000000000010
1111110000010000
0000000000000000
1111110111101000
1110110010100000
1110001100001000
0000000000000011
1111110000010000
0000000000000000
1111110111101000
1110110010100000
1110001100001000
0000000000000100
1111110000010000
0000000000000000
1111110111101000
1110110010100000
1110001100001000
0000000000000110
1110110000010000
0000000000000000
1111000111010000
0000000000000010
1110001100001000
0000000000000000
1111110000010000
0000000000000001
1110001100001000
0000000100100011
1110101010000111
0000000000000000
1111110010101000
1111110000010000
0000000000000101
1110001100001000
0000000000000000
1110110000010000
0000000000000000
1111110111101000
1110110010100000
1110001100001000
0000000000000001
1111110000010000
0000000000001110
1110001100001000
0000000000000101
1110110000010000
0000000000001110
1111000111100000
1111110000010000
0000000000001101
1110001100001000
0000000000000000
1111110010101000
1111110000010000
0000000000000010
1111110000100000
1110001100001000
0000000000000010
1111110111010000
0000000000000000
1110001100001000
0000000000001110
1111110010101000
1111110000010000
0000000000000100
1110001100001000
0000000000001110
1111110010101000
1111110000010000
0000000000000011
1110001100001000
0000000000001110
1111110010101000
1111110000010000
0000000000000010
1110001100001000
0000000000001110
1111110010101000
1111110000010000
0000000000000001
1110001100001000
0000000000001101
1111110000100000
1110101010000111
0000000000000000
1111110111101000
1110110010100000
1110101010001000
0000000000000000
1111110111101000
1110110010100000
1110101010001000
0000000000000000
1110110000010000
0000000000000010
1111000010100000
1111110000010000
0000000000000000
1111110111101000
1110110010100000
1110001100001000
0000000000000000
1111110010101000
1111110000010000
0000000000000011
1110001100001000
0000000000000000
1110110000010000
0000000000000000
1111110111101000
1110110010100000
1110001100001000
0000000000000001
1110110000010000
0000000110000010
1111000010010000
0000000000001101
1110001100001000
0000000000000000
1111110010101000
1111110000010000
0000000000001101
1111110000100000
1110001100001000
0000000000000001
1110110000010000
0000000000000001
1111000010100000
1111110000010000
0000000000000000
1111110111101000
1110110010100000
1110001100001000
0000000000000000
1111110010101000
1111110000010000
1110001101010000
0000000000000000
1111110111101000
1110110010100000
1110001100001000
0000000000000000
1111110010101000
1111110000010000
1110001101010000
0000000000000000
1111110111101000
1110110010100000
1110001100001000
0000000000000000
1111110010101000
1111110000010000
0001001100000010
1110001100000101
0000000000000000
1110110000010000
0000000000000001
1111000010100000
1111110000010000
0000000000000000
1111110111101000
1110110010100000
1110001100001000
0000000000000000
1110110000010000
0000000000000000
1111110111101000
1110110010100000
1110001100001000
0000000000000000
1111110010101000
1111110000010000
0000000000000000
1111110010101000
1111110000100000
1110000111010000
0000111111111100
1110001100000010
1110101010010000
0000111111111101
1110101010000111
1110111010010000
0000000000000000
1111110111101000
1110110010100000
1110001100001000
0000000000000000
1111110010101000
1111110000010000
1110001101010000
0000000000000000
1111110111101000
1110110010100000
1110001100001000
0000000000000000
1111110010101000
1111110000010000
0001000001111011
1110001100000101
0001000000111000
1110110000010000
0000000000000000
1111110111101000
1110110010100000
1110001100001000
0000000000000001
1111110000010000
0000000000000000
1111110111101000
1110110010100000
1110001100001000
0000000000000010
1111110000010000
0000000000000000
1111110111101000
1110110010100000
1110001100001000
0000000000000011
1111110000010000
0000000000000000
1111110111101000
1110110010100000
1110001100001000
0000000000000100
1111110000010000
0000000000000000
1111110111101000
1110110010100000
1110001100001000
0000000000000101
1110110000010000
0000000000000000
1111000111010000
0000000000000010
1110001100001000
0000000000000000
1111110000010000
0000000000000001
1110001100001000
0000000101011100
1110101010000111
0000000000000000
1110110000010000
0000000110000010
1111000010010000
0000000000001101
1110001100001000
0000000000000000
1111110010101000
1111110000010000
0000000000001101
1111110000100000
1110001100001000
0000000000000011
1111110000010000
0000000000000000
1111110111101000
1110110010100000
1110001100001000
0001000001110100
1110110000010000
0000000000000000
1111110111101000
1110110010100000
1110001100001000
0000000000000001
1111110000010000
0000000000000000
1111110111101000
1110110010100000
1110001100001000
0000000000000010
1111110000010000
0000000000000000
1111110111101000
1110110010100000
1110001100001000
0000000000000011
1111110000010000
0000000000000000
1111110111101000
1110110010100000
1110001100001000
0000000000000100
1111110000010000
0000000000000000
1111110111101000
1110110010100000
1110001100001000
0000000000000110
1110110000010000
0000000000000000
1111000111010000
0000000000000010
1110001100001000
0000000000000000
1111110000010000
0000000000000001
1110001100001000
0001001100110100
1110101010000111
0000000000000000
1111110010101000
1111110000010000
0000000000000101
1110001100001000
0000111111100001
1110101010000111
0000000000000000
1110110000010000
0000000000000001
1111000010100000
1111110000010000
0000000000000000
1111110111101000
1110110010100000
1110001100001000
0000000001010001
1110110000010000
0000000000000000
1111110111101000
1110110010100000
1110001100001000
0000000000000000
1111110010101000
1111110000010000
0000000000000000
1111110010101000
1111110000100000
1110000111010000
0001000010010110
1110001100000010
1110101010010000
0001000010010111
1110101010000111
1110111010010000
0000000000000000
1111110111101000
1110110010100000
1110001100001000
0000000000000000
1111110010101000
1111110000010000
0001001101101001
1110001100000101
0001001110100001
1110101010000111
0000000000000000
1110110000010000
0000000000000000
1111110111101000
1110110010100000
1110001100001000
0000000000000000
1111110010101000
1111110000010000
1110001101010000
0000000000000000
1111110111101000
1110110010100000
1110001100001000
0000000000000001
1110110000010000
0000000110000010
1111000010010000
0000000000001101
1110001100001000
0000000000000000
1111110010101000
1111110000010000
0000000000001101
1111110000100000
1110001100001000
0000000000000000
1110110000010000
0000000000000001
1111000010100000
1111110000010000
0000000000000000
1111110111101000
1110110010100000
1110001100001000
0000000001011010
1110110000010000
0000000000000000
1111110111101000
1110110010100000
1110001100001000
0000000000000000
1111110010101000
1111110000010000
0000000000000000
1111110010101000
1111110000100000
1110000111010000
0001000011010111
1110001100000010
1110101010010000
0001000011011000
1110101010000111
1110111010010000
0000000000000000
1111110111101000
1110110010100000
1110001100001000
0000000000000000
1111110010101000
1111110000010000
0001001111001000
1110001100000101
0001010000000000
1110101010000111
0000000000000000
1110110000010000
0000000000000011
1111000010100000
1111110000010000
0000000000000000
1111110111101000
1110110010100000
1110001100001000
0001000100010110
1110110000010000
0000000000000000
1111110111101000
1110110010100000
1110001100001000
0000000000000001
1111110000010000
0000000000000000
1111110111101000
1110110010100000
1110001100001000
0000000000000010
1111110000010000
0000000000000000
1111110111101000
1110110010100000
1110001100001000
0000000000000011
1111110000010000
0000000000000000
1111110111101000
1110110010100000
1110001100001000
0000000000000100
1111110000010000
0000000000000000
1111110111101000
1110110010100000
1110001100001000
0000000000000110
1110110000010000
0000000000000000
1111000111010000
0000000000000010
1110001100001000
0000000000000000
1111110000010000
0000000000000001
1110001100001000
0000010010110010
1110101010000111
0000000000000000
1111110010101000
1111110000010000
0000000000000101
1110001100001000
0000000000000000
1110110000010000
0000000000000001
1111000010100000
1111110000010000
0000000000000000
1111110111101000
1110110010100000
1110001100001000
0000000001011000
1110110000010000
0000000000000000
1111110111101000
1110110010100000
1110001100001000
0000000000000000
1111110010101000
1111110000010000
0000000000000000
1111110010101000
1111110000100000
1110000111010000
0001000100110110
1110001100000010
1110101010010000
0001000100110111
1110101010000111
1110111010010000
0000000000000000
1111110111101000
1110110010100000
1110001100001000
0000000000000000
1111110010101000
1111110000010000
0001010000100111
1110001100000101
0001010001011111
1110101010000111
0000000000000000
1110110000010000
0000000000000011
1111000010100000
1111110000010000
0000000000000000
1111110111101000
1110110010100000
1110001100001000
0001000101110101
1110110000010000
0000000000000000
1111110111101000
1110110010100000
1110001100001000
0000000000000001
1111110000010000
0000000000000000
1111110111101000
1110110010100000
1110001100001000
0000000000000010
1111110000010000
0000000000000000
1111110111101000
1110110010100000
1110001100001000
0000000000000011
1111110000010000
0000000000000000
1111110111101000
1110110010100000
1110001100001000
0000000000000100
1111110000010000
0000000000000000
1111110111101000
1110110010100000
1110001100001000
0000000000000110
1110110000010000
0000000000000000
1111000111010000
0000000000000010
1110001100001000
0000000000000000
1111110000010000
0000000000000001
1110001100001000
0000001101101000
1110101010000111
0000000000000000
1111110010101000
1111110000010000
0000000000000101
1110001100001000
0000000000000000
1110110000010000
0000000000000001
1111000010100000
1111110000010000
0000000000000000
1111110111101000
1110110010100000
1110001100001000
0000000010000011
1110110000010000
0000000000000000
1111110111101000
1110110010100000
1110001100001000
0000000000000000
1111110010101000
1111110000010000
0000000000000000
1111110010101000
1111110000100000
1110000111010000
0001000110010101
1110001100000010
1110101010010000
0001000110010110
1110101010000111
1110111010010000
0000000000000000
1111110111101000
1110110010100000
1110001100001000
0000000000000000
1111110010101000
1111110000010000
0001010010000110
1110001100000101
0001010010111110
1110101010000111
0000000000000001
1110110000010000
0000000000000000
1111110111101000
1110110010100000
1110001100001000
0000000000000001
1110110000010000
0000000110000010
1111000010010000
0000000000001101
1110001100001000
0000000000000000
1111110010101000
1111110000010000
0000000000001101
1111110000100000
1110001100001000
0000000000000000
1110110000010000
0000000000000001
1111000010100000
1111110000010000
0000000000000000
1111110111101000
1110110010100000
1110001100001000
0000000010000101
1110110000010000
0000000000000000
1111110111101000
1110110010100000
1110001100001000
0000000000000000
1111110010101000
1111110000010000
0000000000000000
1111110010101000
1111110000100000
1110000111010000
0001000111001110
1110001100000010
1110101010010000
0001000111001111
1110101010000111
1110111010010000
0000000000000000
1111110111101000
1110110010100000
1110001100001000
0000000000000000
1111110010101000
1111110000010000
0001000111011010
1110001100000101
0001000111101100
1110101010000111
0000000000000010
1110110000010000
0000000000000000
1111110111101000
1110110010100000
1110001100001000
0000000000000001
1110110000010000
0000000110000010
1111000010010000
0000000000001101
1110001100001000
0000000000000000
1111110010101000
1111110000010000
0000000000001101
1111110000100000
1110001100001000
0000000000000000
1110110000010000
0000000000000001
1111000010100000
1111110000010000
0000000000000000
1111110111101000
1110110010100000
1110001100001000
0000000010000010
1110110000010000
0000000000000000
1111110111101000
1110110010100000
1110001100001000
0000000000000000
1111110010101000
1111110000010000
0000000000000000
1111110010101000
1111110000100000
1110000111010000
0001001000000111
1110001100000010
1110101010010000
0001001000001000
1110101010000111
1110111010010000
0000000000000000
1111110111101000
1110110010100000
1110001100001000
0000000000000000
1111110010101000
1111110000010000
0001001000010011
1110001100000101
0001001000100101
1110101010000111
0000000000000011
1110110000010000
0000000000000000
1111110111101000
1110110010100000
1110001100001000
0000000000000001
1110110000010000
0000000110000010
1111000010010000
0000000000001101
1110001100001000
0000000000000000
1111110010101000
1111110000010000
0000000000001101
1111110000100000
1110001100001000
0000000000000000
1110110000010000
0000000000000001
1111000010100000
1111110000010000
0000000000000000
1111110111101000
1110110010100000
1110001100001000
0000000010000100
1110110000010000
0000000000000000
1111110111101000
1110110010100000
1110001100001000
0000000000000000
1111110010101000
1111110000010000
0000000000000000
1111110010101000
1111110000100000
1110000111010000
0001001001000000
1110001100000010
1110101010010000
0001001001000001
1110101010000111
1110111010010000
0000000000000000
1111110111101000
1110110010100000
1110001100001000
0000000000000000
1111110010101000
1111110000010000
0001001001001100
1110001100000101
0001001001011110
1110101010000111
0000000000000100
1110110000010000
0000000000000000
1111110111101000
1110110010100000
1110001100001000
0000000000000001
1110110000010000
0000000110000010
1111000010010000
0000000000001101
1110001100001000
0000000000000000
1111110010101000
1111110000010000
0000000000001101
1111110000100000
1110001100001000
0000000000000000
1110110000010000
0000000000000001
1111000010100000
1111110000010000
0000000000000000
1111110111101000
1110110010100000
1110001100001000
0000000000000000
1110110000010000
0000000000000000
1111110111101000
1110110010100000
1110001100001000
0000000000000000
1111110010101000
1111110000010000
0000000000000000
1111110010101000
1111110000100000
1110000111010000
0001001001111001
1110001100000010
1110101010010000
0001001001111010
1110101010000111
1110111010010000
0000000000000000
1111110111101000
1110110010100000
1110001100001000
0000000000000000
1111110010101000
1111110000010000
1110001101010000
0000000000000000
1111110111101000
1110110010100000
1110001100001000
0000000000000000
1111110010101000
1111110000010000
1110001101010000
0000000000000000
1111110111101000
1110110010100000
1110001100001000
0000000000000000
1111110010101000
1111110000010000
0001001100000000
1110001100000101
0001001010111101
1110110000010000
0000000000000000
1111110111101000
1110110010100000
1110001100001000
0000000000000001
1111110000010000
0000000000000000
1111110111101000
1110110010100000
1110001100001000
0000000000000010
1111110000010000
0000000000000000
1111110111101000
1110110010100000
1110001100001000
0000000000000011
1111110000010000
0000000000000000
1111110111101000
1110110010100000
1110001100001000
0000000000000100
1111110000010000
0000000000000000
1111110111101000
1110110010100000
1110001100001000
0000000000000101
1110110000010000
0000000000000000
1111000111010000
0000000000000010
1110001100001000
0000000000000000
1111110000010000
0000000000000001
1110001100001000
0000000101011100
1110101010000111
0000000000000000
1110110000010000
0000000110000010
1111000010010000
0000000000001101
1110001100001000
0000000000000000
1111110010101000
1111110000010000
0000000000001101
1111110000100000
1110001100001000
0000000000000011
1111110000010000
0000000000000000
1111110111101000
1110110010100000
1110001100001000
0001001011111001
1110110000010000
0000000000000000
1111110111101000
1110110010100000
1110001100001000
0000000000000001
1111110000010000
0000000000000000
1111110111101000
1110110010100000
1110001100001000
0000000000000010
1111110000010000
0000000000000000
1111110111101000
1110110010100000
1110001100001000
0000000000000011
1111110000010000
0000000000000000
1111110111101000
1110110010100000
1110001100001000
0000000000000100
1111110000010000
0000000000000000
1111110111101000
1110110010100000
1110001100001000
0000000000000110
1110110000010000
0000000000000000
1111000111010000
0000000000000010
1110001100001000
0000000000000000
1111110000010000
0000000000000001
1110001100001000
0001001100110100
1110101010000111
0000000000000000
1111110010101000
1111110000010000
0000000000000101
1110001100001000
0001001001011110
1110101010000111
0000111111000011
1110101010000111
0000000000000000
1110110000010000
0000000000000000
1111110111101000
1110110010100000
1110001100001000
0000000000000001
1111110000010000
0000000000001110
1110001100001000
0000000000000101
1110110000010000
0000000000001110
1111000111100000
1111110000010000
0000000000001101
1110001100001000
0000000000000000
1111110010101000
1111110000010000
0000000000000010
1111110000100000
1110001100001000
0000000000000010
1111110111010000
0000000000000000
1110001100001000
0000000000001110
1111110010101000
1111110000010000
0000000000000100
1110001100001000
0000000000001110
1111110010101000
1111110000010000
0000000000000011
1110001100001000
0000000000001110
1111110010101000
1111110000010000
0000000000000010
1110001100001000
0000000000001110
1111110010101000
1111110000010000
0000000000000001
1110001100001000
0000000000001101
1111110000100000
1110101010000111
0000000000000000
1110110000010000
0000000000000010
1111000010100000
1111110000010000
0000000000000000
1111110111101000
1110110010100000
1110001100001000
0000000000000000
1111110010101000
1111110000010000
0000000000000011
1110001100001000
0000000000000001
1110110000010000
0000000000000011
1111000010100000
1111110000010000
0000000000000000
1111110111101000
1110110010100000
1110001100001000
0000000000000001
1110110000010000
0000000000000000
1111110111101000
1110110010100000
1110001100001000
0000000000000000
1111110010101000
1111110000010000
0000000000000000
1111110010101000
1111110000100000
1110000111010000
0001001101011101
1110001100000010
1110101010010000
0001001101011110
1110101010000111
1110111010010000
0000000000000000
1111110111101000
1110110010100000
1110001100001000
0000000000000000
1111110010101000
1111110000010000
0001001101101001
1110001100000101
0001001110100001
1110101010000111
0000000000000000
1110110000010000
0000000000000011
1111000010100000
1111110000010000
0000000000000000
1111110111101000
1110110010100000
1110001100001000
0001001110011100
1110110000010000
0000000000000000
1111110111101000
1110110010100000
1110001100001000
0000000000000001
1111110000010000
0000000000000000
1111110111101000
1110110010100000
1110001100001000
0000000000000010
1111110000010000
0000000000000000
1111110111101000
1110110010100000
1110001100001000
0000000000000011
1111110000010000
0000000000000000
1111110111101000
1110110010100000
1110001100001000
0000000000000100
1111110000010000
0000000000000000
1111110111101000
1110110010100000
1110001100001000
0000000000000110
1110110000010000
0000000000000000
1111000111010000
0000000000000010
1110001100001000
0000000000000000
1111110000010000
0000000000000001
1110001100001000
0000010110101001
1110101010000111
0000000000000000
1111110010101000
1111110000010000
0000000000000101
1110001100001000
0000000000000001
1110110000010000
0000000000000011
1111000010100000
1111110000010000
0000000000000000
1111110111101000
1110110010100000
1110001100001000
0000000000000010
1110110000010000
0000000000000000
1111110111101000
1110110010100000
1110001100001000
0000000000000000
1111110010101000
1111110000010000
0000000000000000
1111110010101000
1111110000100000
1110000111010000
0001001110111100
1110001100000010
1110101010010000
0001001110111101
1110101010000111
1110111010010000
0000000000000000
1111110111101000
1110110010100000
1110001100001000
0000000000000000
1111110010101000
1111110000010000
0001001111001000
1110001100000101
0001010000000000
1110101010000111
0000000000000000
1110110000010000
0000000000000011
1111000010100000
1111110000010000
0000000000000000
1111110111101000
1110110010100000
1110001100001000
0001001111111011
1110110000010000
0000000000000000
1111110111101000
1110110010100000
1110001100001000
0000000000000001
1111110000010000
0000000000000000
1111110111101000
1110110010100000
1110001100001000
0000000000000010
1111110000010000
0000000000000000
1111110111101000
1110110010100000
1110001100001000
0000000000000011
1111110000010000
0000000000000000
1111110111101000
1110110010100000
1110001100001000
0000000000000100
1111110000010000
0000000000000000
1111110111101000
1110110010100000
1110001100001000
0000000000000110
1110110000010000
0000000000000000
1111000111010000
0000000000000010
1110001100001000
0000000000000000
1111110000010000
0000000000000001
1110001100001000
0000011111000000
1110101010000111
0000000000000000
1111110010101000
1111110000010000
0000000000000101
1110001100001000
0000000000000001
1110110000010000
0000000000000011
1111000010100000
1111110000010000
0000000000000000
1111110111101000
1110110010100000
1110001100001000
0000000000000011
1110110000010000
0000000000000000
1111110111101000
1110110010100000
1110001100001000
0000000000000000
1111110010101000
1111110000010000
0000000000000000
1111110010101000
1111110000100000
1110000111010000
0001010000011011
1110001100000010
1110101010010000
0001010000011100
1110101010000111
1110111010010000
0000000000000000
1111110111101000
1110110010100000
1110001100001000
0000000000000000
1111110010101000
1111110000010000
0001010000100111
1110001100000101
0001010001011111
1110101010000111
0000000000000000
1110110000010000
0000000000000011
1111000010100000
1111110000010000
0000000000000000
1111110111101000
1110110010100000
1110001100001000
0001010001011010
1110110000010000
0000000000000000
1111110111101000
1110110010100000
1110001100001000
0000000000000001
1111110000010000
0000000000000000
1111110111101000
1110110010100000
1110001100001000
0000000000000010
1111110000010000
0000000000000000
1111110111101000
1110110010100000
1110001100001000
0000000000000011
1111110000010000
0000000000000000
1111110111101000
1110110010100000
1110001100001000
0000000000000100
1111110000010000
0000000000000000
1111110111101000
1110110010100000
1110001100001000
0000000000000110
1110110000010000
0000000000000000
1111000111010000
0000000000000010
1110001100001000
0000000000000000
1111110000010000
0000000000000001
1110001100001000
0000100111101011
1110101010000111
0000000000000000
1111110010101000
1111110000010000
0000000000000101
1110001100001000
0000000000000001
1110110000010000
0000000000000011
1111000010100000
1111110000010000
0000000000000000
1111110111101000
1110110010100000
1110001100001000
0000000000000100
1110110000010000
0000000000000000
1111110111101000
1110110010100000
1110001100001000
0000000000000000
1111110010101000
1111110000010000
0000000000000000
1111110010101000
1111110000100000
1110000111010000
0001010001111010
1110001100000010
1110101010010000
0001010001111011
1110101010000111
1110111010010000
0000000000000000
1111110111101000
1110110010100000
1110001100001000
0000000000000000
1111110010101000
1111110000010000
0001010010000110
1110001100000101
0001010010111110
1110101010000111
0000000000000000
1110110000010000
0000000000000011
1111000010100000
1111110000010000
0000000000000000
1111110111101000
1110110010100000
1110001100001000
0001010010111001
1110110000010000
0000000000000000
1111110111101000
1110110010100000
1110001100001000
0000000000000001
1111110000010000
0000000000000000
1111110111101000
1110110010100000
1110001100001000
0000000000000010
1111110000010000
0000000000000000
1111110111101000
1110110010100000
1110001100001000
0000000000000011
1111110000010000
0000000000000000
1111110111101000
1110110010100000
1110001100001000
0000000000000100
1111110000010000
0000000000000000
1111110111101000
1110110010100000
1110001100001000
0000000000000110
1110110000010000
0000000000000000
1111000111010000
0000000000000010
1110001100001000
0000000000000000
1111110000010000
0000000000000001
1110001100001000
0000110000000010
1110101010000111
0000000000000000
1111110010101000
1111110000010000
0000000000000101
1110001100001000
0000000000000101
1110110000010000
0000000000000000
1111110111101000
1110110010100000
1110001100001000
0001010011101110
1110110000010000
0000000000000000
1111110111101000
1110110010100000
1110001100001000
0000000000000001
1111110000010000
0000000000000000
1111110111101000
1110110010100000
1110001100001000
0000000000000010
1111110000010000
0000000000000000
1111110111101000
1110110010100000
1110001100001000
0000000000000011
1111110000010000
0000000000000000
1111110111101000
1110110010100000
1110001100001000
0000000000000100
1111110000010000
0000000000000000
1111110111101000
1110110010100000
1110001100001000
0000000000000110
1110110000010000
0000000000000000
1111000111010000
0000000000000010
1110001100001000
0000000000000000
1111110000010000
0000000000000001
1110001100001000
0000000101111100
1110101010000111
0000000000000000
1111110010101000
1111110000010000
0000000000000101
1110001100001000
0000000000000000
1110110000010000
0000000000000000
1111110111101000
1110110010100000
1110001100001000
0000000000000001
1111110000010000
0000000000001110
1110001100001000
0000000000000101
1110110000010000
0000000000001110
1111000111100000
1111110000010000
0000000000001101
1110001100001000
0000000000000000
1111110010101000
1111110000010000
0000000000000010
1111110000100000
1110001100001000
0000000000000010
1111110111010000
0000000000000000
1110001100001000
0000000000001110
1111110010101000
1111110000010000
0000000000000100
1110001100001000
0000000000001110
1111110010101000
1111110000010000
0000000000000011
1110001100001000
0000000000001110
1111110010101000
1111110000010000
0000000000000010
1110001100001000
0000000000001110
1111110010101000
1111110000010000
0000000000000001
1110001100001000
0000000000001101
1111110000100000
1110101010000111
0000000000000000
1111110111101000
1110110010100000
1110101010001000
0001010101010011
1110110000010000
0000000000000000
1111110111101000
1110110010100000
1110001100001000
0000000000000001
1111110000010000
0000000000000000
1111110111101000
1110110010100000
1110001100001000
0000000000000010
1111110000010000
0000000000000000
1111110111101000
1110110010100000
1110001100001000
0000000000000011
1111110000010000
0000000000000000
1111110111101000
1110110010100000
1110001100001000
0000000000000100
1111110000010000
0000000000000000
1111110111101000
1110110010100000
1110001100001000
0000000000000101
1110110000010000
0000000000000000
1111000111010000
0000000000000010
1110001100001000
0000000000000000
1111110000010000
0000000000000001
1110001100001000
0000111000101101
1110101010000111
0000000000000000
1110110000010000
0000000110000010
1111000010010000
0000000000001101
1110001100001000
0000000000000000
1111110010101000
1111110000010000
0000000000001101
1111110000100000
1110001100001000
0000000000000000
1110110000010000
0000000000000001
1111000010100000
1111110000010000
0000000000000000
1111110111101000
1110110010100000
1110001100001000
0001010110010010
1110110000010000
0000000000000000
1111110111101000
1110110010100000
1110001100001000
0000000000000001
1111110000010000
0000000000000000
1111110111101000
1110110010100000
1110001100001000
0000000000000010
1111110000010000
0000000000000000
1111110111101000
1110110010100000
1110001100001000
0000000000000011
1111110000010000
0000000000000000
1111110111101000
1110110010100000
1110001100001000
0000000000000100
1111110000010000
0000000000000000
1111110111101000
1110110010100000
1110001100001000
0000000000000110
1110110000010000
0000000000000000
1111000111010000
0000000000000010
1110001100001000
0000000000000000
1111110000010000
0000000000000001
1110001100001000
0000111110011011
1110101010000111
0000000000000000
1111110010101000
1111110000010000
0000000000000101
1110001100001000
0000000000000000
1110110000010000
0000000000000001
1111000010100000
1111110000010000
0000000000000000
1111110111101000
1110110010100000
1110001100001000
0001010111001010
1110110000010000
0000000000000000
1111110111101000
1110110010100000
1110001100001000
0000000000000001
1111110000010000
0000000000000000
1111110111101000
1110110010100000
1110001100001000
0000000000000010
1111110000010000
0000000000000000
1111110111101000
1110110010100000
1110001100001000
0000000000000011
1111110000010000
0000000000000000
1111110111101000
1110110010100000
1110001100001000
0000000000000100
1111110000010000
0000000000000000
1111110111101000
1110110010100000
1110001100001000
0000000000000110
1110110000010000
0000000000000000
1111000111010000
0000000000000010
1110001100001000
0000000000000000
1111110000010000
0000000000000001
1110001100001000
0000111011101110
1110101010000111
0000000000000000
1111110010101000
1111110000010000
0000000000000101
1110001100001000
0000000000000000
1110110000010000
0000000000000000
1111110111101000
1110110010100000
1110001100001000
0000000000000001
1111110000010000
0000000000001110
1110001100001000
0000000000000101
1110110000010000
0000000000001110
1111000111100000
1111110000010000
0000000000001101
1110001100001000
0000000000000000
1111110010101000
1111110000010000
0000000000000010
1111110000100000
1110001100001000
0000000000000010
1111110111010000
0000000000000000
1110001100001000
0000000000001110
1111110010101000
1111110000010000
0000000000000100
1110001100001000
0000000000001110
1111110010101000
1111110000010000
0000000000000011
1110001100001000
0000000000001110
1111110010101000
1111110000010000
0000000000000010
1110001100001000
0000000000001110
1111110010101000
1111110000010000
0000000000000001
1110001100001000
0000000000001101
1111110000100000
1110101010000111
